xaxis	tsra	pure	k=10%	k=20%	k=30%	k=40%	k=50%	k=60%	k=70%	k=80%	k=90%	k=100%
80	18.1427665179	18.1427665179	18.1427665179	18.1427665179	18.1427665179	18.1427665179	18.1427665179	18.1427665179	18.1427665179	18.1427665179	18.1427665179	18.1427665179
85	12.0345033058	12.0345033058	12.0345033058	12.0343353545	12.0343353545	12.0343353545	12.0343353545	12.0343353545	12.0343353545	12.0343353545	12.0343353545	12.0343353545
90	5.88731846219	5.89213401344	5.89167054535	5.93276641275	6.04543875748	6.04543875748	6.04543875748	6.04543875748	6.04543875748	6.04543875748	6.04543875748	6.04543875748
95	1.11775921328	0.995538169145	0.995043030532	1.19302735222	2.36395719621	2.34149016418	2.34149016418	2.34149016418	2.34149016418	2.34149016418	2.34149016418	2.34149016418
100	0.0717721875517	0.0612203251479	0.0612203251479	0.0612203251479	1.00003685167	1.41145053283	1.41145053283	1.41145053283	1.41145053283	1.41145053283	1.41145053283	1.41145053283
105	0.0	0.0	0.0	0.0	0.62631654765	0.800273490057	0.800273490057	0.800273490057	0.800273490057	0.800273490057	0.800273490057	0.800273490057
110	0.0	0.0	0.0	0.0	0.262110557298	0.611654290029	0.780882634149	0.780882634149	0.780882634149	0.780882634149	0.780882634149	0.780882634149
115	0.0	0.0	0.0	0.0	0.0144675925926	0.91888931305	0.780250303176	0.780250303176	0.780250303176	0.780250303176	0.780250303176	0.780250303176
120	0.0	0.0	0.0	0.0	0.0196767398552	0.422180177366	0.69771995507	0.69771995507	0.69771995507	0.69771995507	0.69771995507	0.69771995507
125	0.0	0.0	0.0	0.0	0.0	0.356882860834	0.757118711686	0.723808161032	0.723808161032	0.723808161032	0.723808161032	0.723808161032
130	0.0	0.0	0.0	0.0	0.0	0.297833072276	0.448960899918	0.448960899918	0.448960899918	0.448960899918	0.448960899918	0.448960899918
135	0.0	0.0	0.0	0.0	0.0	0.0355263754347	0.322755139197	0.322108460552	0.322108460552	0.322108460552	0.322108460552	0.322108460552
140	0.0	0.0	0.0	0.0	0.0096450617284	0.0096450617284	0.468551692516	0.486788659887	0.275253134545	0.275253134545	0.275253134545	0.275253134545
